updating_duration: 2

x_p_gain: 0.0009
x_d_gain: 0.0000025

y_p_gain: 0.0009
y_d_gain: 0.0000025

